75.8 773
75.82 783
75.84 813
75.86 778
75.88 865
75.90 790
75.92 807
75.94 832
75.96 801
75.98 803
76.00 812
76.02 805
76.04 765
76.06 761
76.08 860
76.10 884
76.12 815
76.14 834
76.16 863
76.18 858
76.20 871
76.22 836
76.24 901
76.26 929
76.28 890
76.30 924
76.32 957
76.34 1029
76.36 974
76.38 1001
76.40 1070
76.42 1071
76.44 1161
76.46 1221
76.48 1216
76.50 1302
76.52 1393
76.54 1435
76.56 1502
76.58 1603
76.60 1734
76.62 1778
76.64 1946
76.66 1908
76.68 2163
76.70 2411
76.72 2838
76.74 3093
76.76 3566
76.78 4089
76.80 4930
76.82 6302
76.84 8099
76.86 10365
76.88 13693
76.90 17675
76.92 20927
76.94 21668
76.96 20211
76.98 16502
77.00 12883
77.02 10459
77.04 8685
77.06 8088
77.08 8272
77.10 8858
77.12 10049
77.14 11392
77.16 11977
77.18 11354
77.20 9842
77.22 7589
77.24 5938
77.26 4563
77.28 3938
77.30 3240
77.32 2813
77.34 2422
77.36 2111
77.38 1924
77.40 1832
77.42 1657
77.44 1545
77.46 1411
77.48 1384
77.50 1266
77.52 1245
77.54 1087
77.56 1165
77.58 1002
77.60 1031
77.62 981
77.64 966
77.66 989
77.68 955
77.70 913
77.72 952
77.74 898
77.76 887
77.78 819
77.80 817
77.82 837
77.84 828
77.86 820
77.88 792
77.90 770
77.92 795
77.94 809
77.96 758
77.98 702
78.00 811
78.02 762
78.04 793
78.06 749
78.08 695
78.10 714
78.12 746
78.14 752
78.16 708
78.18 717
78.20 771
