35.2 374
35.22 315
35.24 401
35.26 381
35.28 354
35.30 367
35.32 392
35.34 404
35.36 404
35.38 400
35.40 436
35.42 430
35.44 402
35.46 421
35.48 517
35.50 493
35.52 495
35.54 527
35.56 509
35.58 537
35.60 554
35.62 603
35.64 603
35.66 648
35.68 599
35.70 628
35.72 722
35.74 790
35.76 783
35.78 842
35.80 902
35.82 969
35.84 1116
35.86 1169
35.88 1366
35.90 1563
35.92 1889
35.94 2315
35.96 2743
35.98 3462
36.00 4304
36.02 5363
36.04 6776
36.06 8642
36.08 11468
36.10 15583
36.12 21379
36.14 29764
36.16 41483
36.18 56771
36.20 72313
36.22 82791
36.24 84577
36.26 77244
36.28 66559
36.30 57177
36.32 50028
36.34 43779
36.36 34666
36.38 23967
36.40 15075
36.42 9624
36.44 6459
36.46 4657
36.48 3661
36.50 2851
36.52 2401
36.54 1947
36.56 1634
36.58 1464
36.60 1256
36.62 1137
36.64 1101
36.66 919
36.68 833
36.70 732
36.72 744
36.74 689
36.76 606
36.78 602
36.80 608
36.82 536
36.84 495
36.86 496
36.88 461
36.90 463
36.92 476
36.94 367
36.96 353
36.98 399
37.00 352
37.02 331
37.04 338
37.06 319
37.08 309
37.10 270
37.12 278
37.14 256
37.16 258
37.18 265
37.20 259
37.22 208
37.24 228
37.26 247
37.28 232
37.30 246
37.32 231
37.34 189
37.36 208
37.38 200
37.40 221
37.42 242
37.44 192
37.46 212
37.48 196
37.50 215
37.52 170
37.54 196
37.56 205
37.58 174
37.60 189
37.62 179
37.64 179
37.66 172
37.68 164
37.70 157
