35.2 12
35.22 18
35.24 21
35.26 17
35.28 22
35.30 21
35.32 13
35.34 29
35.36 30
35.38 23
35.40 25
35.42 19
35.44 22
35.46 20
35.48 29
35.50 40
35.52 28
35.54 33
35.56 28
35.58 29
35.60 32
35.62 25
35.64 35
35.66 39
35.68 43
35.70 45
35.72 52
35.74 44
35.76 52
35.78 53
35.80 56
35.82 57
35.84 87
35.86 82
35.88 78
35.90 91
35.92 132
35.94 124
35.96 168
35.98 232
36.00 291
36.02 389
36.04 463
36.06 612
36.08 738
36.10 938
36.12 1329
36.14 1687
36.16 2330
36.18 3342
36.20 4944
36.22 7078
36.24 7457
36.26 5749
36.28 4241
36.30 4020
36.32 4226
36.34 3634
36.36 2490
36.38 1483
36.40 982
36.42 674
36.44 501
36.46 392
36.48 310
36.50 254
36.52 208
36.54 169
36.56 125
36.58 113
36.60 96
36.62 84
36.64 90
36.66 69
36.68 56
36.70 71
36.72 49
36.74 36
36.76 36
36.78 31
36.80 40
36.82 21
36.84 31
36.86 39
36.88 22
36.90 34
36.92 30
36.94 25
36.96 17
36.98 19
37.00 17
37.02 22
37.04 31
37.06 29
37.08 15
37.10 19
37.12 18
37.14 22
37.16 17
37.18 15
37.20 15
37.22 14
37.24 20
37.26 15
37.28 27
37.30 15
37.32 11
37.34 10
37.36 12
37.38 23
37.40 16
37.42 11
37.44 16
37.46 17
37.48 17
37.50 8
37.52 12
37.54 14
37.56 11
37.58 12
37.60 12
37.62 8
37.64 17
37.66 18
37.68 15
37.70 13
