35.2 350
35.22 418
35.24 371
35.26 389
35.28 359
35.30 449
35.32 378
35.34 425
35.36 464
35.38 441
35.40 432
35.42 518
35.44 459
35.46 503
35.48 480
35.50 555
35.52 556
35.54 587
35.56 577
35.58 575
35.60 638
35.62 672
35.64 656
35.66 736
35.68 768
35.70 826
35.72 820
35.74 895
35.76 946
35.78 1091
35.80 1104
35.82 1202
35.84 1350
35.86 1468
35.88 1715
35.90 1916
35.92 2197
35.94 2697
35.96 3291
35.98 4039
36.00 5150
36.02 6372
36.04 8344
36.06 10744
36.08 13751
36.10 18501
36.12 24840
36.14 34931
36.16 49087
36.18 69877
36.20 95948
36.22 121620
36.24 128932
36.26 112664
36.28 88028
36.30 74695
36.32 71806
36.34 64926
36.36 47824
36.38 29831
36.40 17601
36.42 11209
36.44 8002
36.46 5877
36.48 4634
36.50 3793
36.52 3032
36.54 2462
36.56 2214
36.58 1841
36.60 1597
36.62 1407
36.64 1169
36.66 1109
36.68 1047
36.70 974
36.72 837
36.74 821
36.76 735
36.78 720
36.80 685
36.82 625
36.84 589
36.86 560
36.88 535
36.90 488
36.92 442
36.94 485
36.96 420
36.98 440
37.00 401
37.02 359
37.04 359
37.06 364
37.08 356
37.10 330
37.12 300
37.14 320
37.16 298
37.18 306
37.20 305
37.22 275
37.24 295
37.26 265
37.28 256
37.30 304
37.32 252
37.34 264
37.36 244
37.38 248
37.40 273
37.42 254
37.44 248
37.46 241
37.48 249
37.50 226
37.52 244
37.54 207
37.56 220
37.58 198
37.60 216
37.62 209
37.64 225
37.66 212
37.68 230
37.70 229
