35.2 267
35.22 289
35.24 287
35.26 304
35.28 316
35.30 321
35.32 308
35.34 333
35.36 322
35.38 331
35.40 361
35.42 336
35.44 392
35.46 389
35.48 431
35.50 425
35.52 412
35.54 459
35.56 448
35.58 489
35.60 504
35.62 523
35.64 526
35.66 594
35.68 655
35.70 637
35.72 712
35.74 800
35.76 810
35.78 895
35.80 967
35.82 1068
35.84 1124
35.86 1288
35.88 1501
35.90 1772
35.92 2036
35.94 2531
35.96 2973
35.98 3858
36.00 4735
36.02 6120
36.04 7573
36.06 9370
36.08 11702
36.10 15318
36.12 20371
36.14 28112
36.16 38907
36.18 55991
36.20 79869
36.22 102240
36.24 106539
36.26 89035
36.28 68392
36.30 61383
36.32 61380
36.34 54351
36.36 39370
36.38 24172
36.40 15380
36.42 10677
36.44 7751
36.46 6147
36.48 4842
36.50 3821
36.52 3284
36.54 2558
36.56 2201
36.58 1797
36.60 1568
36.62 1378
36.64 1218
36.66 1061
36.68 970
36.70 861
36.72 783
36.74 723
36.76 696
36.78 610
36.80 608
36.82 574
36.84 499
36.86 486
36.88 481
36.90 443
36.92 431
36.94 372
36.96 378
36.98 344
37.00 320
37.02 341
37.04 282
37.06 297
37.08 300
37.10 259
37.12 268
37.14 273
37.16 267
37.18 237
37.20 227
37.22 233
37.24 216
37.26 221
37.28 237
37.30 233
37.32 216
37.34 221
37.36 206
37.38 194
37.40 215
37.42 207
37.44 190
37.46 212
37.48 170
37.50 187
37.52 174
37.54 175
37.56 174
37.58 198
37.60 182
37.62 165
37.64 193
37.66 181
37.68 188
37.70 172
