75.8 493
75.82 506
75.84 504
75.86 484
75.88 527
75.90 516
75.92 532
75.94 531
75.96 512
75.98 501
76.00 515
76.02 524
76.04 523
76.06 528
76.08 539
76.10 507
76.12 495
76.14 556
76.16 506
76.18 598
76.20 530
76.22 535
76.24 553
76.26 554
76.28 571
76.30 570
76.32 525
76.34 585
76.36 559
76.38 549
76.40 587
76.42 576
76.44 620
76.46 633
76.48 651
76.50 705
76.52 689
76.54 744
76.56 756
76.58 796
76.60 790
76.62 852
76.64 924
76.66 947
76.68 1026
76.70 1054
76.72 1217
76.74 1335
76.76 1540
76.78 1851
76.80 2238
76.82 3093
76.84 3974
76.86 5501
76.88 7607
76.90 10775
76.92 13959
76.94 15969
76.96 14515
76.98 10497
77.00 7013
77.02 5001
77.04 4172
77.06 3674
77.08 3886
77.10 4514
77.12 5512
77.14 6839
77.16 7813
77.18 7753
77.20 6103
77.22 4195
77.24 2928
77.26 2169
77.28 1742
77.30 1372
77.32 1136
77.34 1076
77.36 977
77.38 825
77.40 742
77.42 708
77.44 718
77.46 685
77.48 699
77.50 602
77.52 588
77.54 635
77.56 587
77.58 576
77.60 529
77.62 553
77.64 518
77.66 573
77.68 541
77.70 553
77.72 535
77.74 550
77.76 508
77.78 522
77.80 512
77.82 539
77.84 536
77.86 497
77.88 506
77.90 506
77.92 493
77.94 498
77.96 492
77.98 497
78.00 465
78.02 505
78.04 495
78.06 495
78.08 491
78.10 499
78.12 474
78.14 493
78.16 484
78.18 480
78.20 455
