35.2 286
35.22 304
35.24 298
35.26 289
35.28 298
35.30 333
35.32 304
35.34 310
35.36 351
35.38 347
35.40 358
35.42 393
35.44 372
35.46 356
35.48 373
35.50 401
35.52 419
35.54 409
35.56 434
35.58 458
35.60 475
35.62 497
35.64 497
35.66 576
35.68 519
35.70 588
35.72 671
35.74 672
35.76 762
35.78 738
35.80 850
35.82 936
35.84 1034
35.86 1131
35.88 1369
35.90 1524
35.92 1801
35.94 2221
35.96 2715
35.98 3200
36.00 4121
36.02 5243
36.04 6574
36.06 8392
36.08 10805
36.10 14266
36.12 19573
36.14 26516
36.16 37270
36.18 51448
36.20 63893
36.22 71228
36.24 69792
36.26 62605
36.28 54291
36.30 47433
36.32 42887
36.34 36237
36.36 28062
36.38 19409
36.40 12909
36.42 8763
36.44 6281
36.46 4829
36.48 3820
36.50 3050
36.52 2457
36.54 2063
36.56 1741
36.58 1533
36.60 1308
36.62 1196
36.64 968
36.66 847
36.68 799
36.70 779
36.72 689
36.74 648
36.76 586
36.78 566
36.80 536
36.82 475
36.84 458
36.86 426
36.88 376
36.90 392
36.92 359
36.94 351
36.96 314
36.98 320
37.00 310
37.02 300
37.04 260
37.06 273
37.08 265
37.10 224
37.12 243
37.14 234
37.16 228
37.18 184
37.20 219
37.22 192
37.24 174
37.26 187
37.28 184
37.30 183
37.32 185
37.34 177
37.36 166
37.38 164
37.40 162
37.42 145
37.44 150
37.46 181
37.48 154
37.50 151
37.52 160
37.54 149
37.56 148
37.58 146
37.60 157
37.62 140
37.64 168
37.66 163
37.68 157
37.70 140
