75.8 842
75.82 880
75.84 817
75.86 839
75.88 871
75.90 827
75.92 889
75.94 867
75.96 937
75.98 891
76.00 873
76.02 867
76.04 788
76.06 787
76.08 865
76.10 860
76.12 917
76.14 909
76.16 860
76.18 918
76.20 903
76.22 989
76.24 888
76.26 944
76.28 913
76.30 934
76.32 954
76.34 948
76.36 947
76.38 1030
76.40 983
76.42 1046
76.44 1068
76.46 1115
76.48 1186
76.50 1133
76.52 1160
76.54 1249
76.56 1316
76.58 1434
76.60 1436
76.62 1455
76.64 1515
76.66 1698
76.68 1825
76.70 1977
76.72 2219
76.74 2700
76.76 3010
76.78 3585
76.80 4516
76.82 5752
76.84 7702
76.86 10776
76.88 14867
76.90 20349
76.92 25844
76.94 28374
76.96 25775
76.98 19830
77.00 13719
77.02 9596
77.04 7876
77.06 6955
77.08 7496
77.10 8551
77.12 10258
77.14 12658
77.16 14448
77.18 14144
77.20 11880
77.22 8444
77.24 5829
77.26 4076
77.28 3155
77.30 2539
77.32 2140
77.34 1874
77.36 1657
77.38 1520
77.40 1470
77.42 1319
77.44 1263
77.46 1169
77.48 1203
77.50 1103
77.52 1091
77.54 1098
77.56 1001
77.58 955
77.60 956
77.62 982
77.64 946
77.66 908
77.68 953
77.70 937
77.72 857
77.74 859
77.76 883
77.78 831
77.80 860
77.82 839
77.84 886
77.86 825
77.88 787
77.90 828
77.92 795
77.94 824
77.96 837
77.98 830
78.00 828
78.02 767
78.04 761
78.06 790
78.08 776
78.10 826
78.12 869
78.14 788
78.16 798
78.18 772
78.20 764
