75.8 49
75.82 47
75.84 59
75.86 58
75.88 64
75.90 74
75.92 54
75.94 79
75.96 78
75.98 54
76.00 67
76.02 62
76.04 64
76.06 61
76.08 54
76.10 65
76.12 56
76.14 53
76.16 68
76.18 56
76.20 70
76.22 62
76.24 81
76.26 74
76.28 60
76.30 76
76.32 75
76.34 76
76.36 73
76.38 93
76.40 88
76.42 89
76.44 77
76.46 86
76.48 83
76.50 114
76.52 99
76.54 94
76.56 102
76.58 139
76.60 119
76.62 122
76.64 121
76.66 126
76.68 157
76.70 182
76.72 190
76.74 201
76.76 239
76.78 282
76.80 335
76.82 391
76.84 516
76.86 604
76.88 804
76.90 1109
76.92 1222
76.94 1239
76.96 1072
76.98 845
77.00 749
77.02 634
77.04 507
77.06 482
77.08 507
77.10 508
77.12 710
77.14 674
77.16 719
77.18 618
77.20 553
77.22 434
77.24 348
77.26 290
77.28 257
77.30 202
77.32 191
77.34 162
77.36 148
77.38 133
77.40 127
77.42 108
77.44 99
77.46 110
77.48 84
77.50 89
77.52 70
77.54 89
77.56 73
77.58 81
77.60 85
77.62 68
77.64 71
77.66 79
77.68 65
77.70 62
77.72 55
77.74 65
77.76 53
77.78 74
77.80 65
77.82 71
77.84 61
77.86 65
77.88 67
77.90 60
77.92 63
77.94 48
77.96 48
77.98 50
78.00 58
78.02 47
78.04 45
78.06 59
78.08 68
78.10 63
78.12 57
78.14 59
78.16 43
78.18 52
78.20 53
