75.8 598
75.82 623
75.84 643
75.86 574
75.88 583
75.90 609
75.92 601
75.94 635
75.96 622
75.98 660
76.00 630
76.02 654
76.04 667
76.06 658
76.08 625
76.10 646
76.12 678
76.14 672
76.16 679
76.18 666
76.20 711
76.22 712
76.24 636
76.26 697
76.28 690
76.30 740
76.32 744
76.34 777
76.36 788
76.38 769
76.40 802
76.42 833
76.44 867
76.46 955
76.48 923
76.50 993
76.52 1053
76.54 1194
76.56 1140
76.58 1203
76.60 1280
76.62 1355
76.64 1507
76.66 1624
76.68 1741
76.70 1863
76.72 2184
76.74 2526
76.76 2887
76.78 3367
76.80 4146
76.82 5023
76.84 6336
76.86 7969
76.88 10254
76.90 11911
76.92 13353
76.94 13362
76.96 12125
76.98 10803
77.00 8991
77.02 7614
77.04 6578
77.06 6195
77.08 6169
77.10 6536
77.12 7159
77.14 7576
77.16 7490
77.18 7331
77.20 6363
77.22 5535
77.24 4332
77.26 3638
77.28 2947
77.30 2451
77.32 2153
77.34 1856
77.36 1666
77.38 1531
77.40 1341
77.42 1287
77.44 1141
77.46 1076
77.48 1055
77.50 964
77.52 930
77.54 914
77.56 847
77.58 794
77.60 741
77.62 748
77.64 718
77.66 735
77.68 701
77.70 727
77.72 691
77.74 696
77.76 662
77.78 650
77.80 666
77.82 607
77.84 616
77.86 642
77.88 679
77.90 572
77.92 575
77.94 650
77.96 626
77.98 630
78.00 565
78.02 648
78.04 560
78.06 542
78.08 601
78.10 594
78.12 548
78.14 526
78.16 561
78.18 559
78.20 574
