75.8 626
75.82 648
75.84 650
75.86 667
75.88 665
75.90 644
75.92 645
75.94 662
75.96 630
75.98 669
76.00 627
76.02 620
76.04 651
76.06 676
76.08 698
76.10 674
76.12 658
76.14 724
76.16 721
76.18 671
76.20 689
76.22 638
76.24 724
76.26 712
76.28 746
76.30 731
76.32 722
76.34 741
76.36 748
76.38 771
76.40 744
76.42 835
76.44 830
76.46 859
76.48 874
76.50 871
76.52 967
76.54 887
76.56 1027
76.58 1047
76.60 1111
76.62 1151
76.64 1189
76.66 1258
76.68 1384
76.70 1487
76.72 1797
76.74 1972
76.76 2412
76.78 2848
76.80 3802
76.82 4732
76.84 6520
76.86 8738
76.88 12011
76.90 15290
76.92 17989
76.94 19078
76.96 17491
76.98 14313
77.00 10517
77.02 7880
77.04 6256
77.06 5440
77.08 5808
77.10 6492
77.12 7740
77.14 8952
77.16 9687
77.18 9630
77.20 8384
77.22 6437
77.24 4826
77.26 3387
77.28 2618
77.30 1960
77.32 1706
77.34 1428
77.36 1250
77.38 1153
77.40 1098
77.42 1015
77.44 960
77.46 946
77.48 860
77.50 848
77.52 827
77.54 818
77.56 771
77.58 718
77.60 828
77.62 661
77.64 759
77.66 677
77.68 727
77.70 650
77.72 656
77.74 694
77.76 656
77.78 626
77.80 698
77.82 682
77.84 650
77.86 658
77.88 641
77.90 604
77.92 631
77.94 663
77.96 646
77.98 665
78.00 647
78.02 633
78.04 620
78.06 633
78.08 601
78.10 603
78.12 621
78.14 617
78.16 598
78.18 595
78.20 596
